#COPY: testo/bst.input0.txt
#COPY: testo/bst.input1.txt
#COPY: testo/bst.input2.txt
#COPY: testo/bst.input3.txt
#COPY: testo/bst.input4.txt
# N    R        F      I      D      R      S
10     20       10     0      0      0      5
100    200      100    0      0      0      6
1000   2000     1000   0      0      0      7
10000  20000    10000  0      0      0      8
100000 200000   100000 0      0      0      9
10     20       10     10     0      0      10
100    200      100    100    0      0      11
1000   2000     1000   1000   0      0      12
10000  20000    10000  10000  0      0      13
100000 200000   100000 100000 0      0      14
10     20       10     10     10     0      15
100    200      100    100    100    0      16
1000   2000     1000   1000   1000   0      17
10000  20000    10000  10000  10000  0      18
100000 200000   100000 100000 100000 0      19
10     20       10     10     0      10     20
100    200      100    100    0      100    21
1000   2000     1000   1000   0      1000   22
10000  20000    10000  10000  0      10000  23
100000 200000   100000 100000 0      100000 24
0      20       10     10     10     10     25
10     20       10     10     10     10     26
0      200      100    100    100    100    27
100    200      100    100    100    100    28
0      2000     1000   1000   1000   1000   29
1000   2000     1000   1000   1000   1000   30
0      20000    10000  10000  10000  10000  31
10000  20000    10000  10000  10000  10000  32
0      200000   100000 100000 100000 100000 33
100000 200000   100000 100000 100000 100000 34
