#COPY: testo/hash.input0.txt
#COPY: testo/hash.input1.txt
# R     F       I       D      S
200     100     100     0      3
200     100     100     0      4
2000    1000    1000    0      5
2000    1000    1000    0      6
20000   10000   10000   0      7
20000   10000   10000   0      8
200000  100000  100000  0      9
200000  100000  100000  0      10
2000000 500000  500000  0      11
2000000 500000  500000  0      12
200     100     100     100    13
200     100     100     100    14
2000    1000    1000    1000   15
2000    1000    1000    1000   16
20000   10000   10000   10000  17
20000   10000   10000   10000  18
200000  100000  100000  100000 19
200000  100000  100000  100000 20
2000000 333333  333333  333333 21
2000000 333333  333333  333333 22
