#COPY: testo/sort.input0.txt
10      1000000000  1
10      1000000000  2
10      1000000000  3
100     1000000000  4
100     1000000000  5
100     1000000000  6
1000    1000000000  7
1000    1000000000  8
1000    1000000000  9
10000   1000000000  10
10000   1000000000  11
10000   1000000000  12
100000  1000000000  13
100000  1000000000  14
100000  1000000000  15
500000  1000000000  16
500000  1000000000  17
500000  1000000000  18
1000000 1000000000  19
1000000 1000000000  20
1000000 1000000000  21
5000000 1000000000  22
5000000 1000000000  23
5000000 1000000000  24
